175 86 192 211 96 128 135 52 195 213 88 198 200 101 201 211 82 200 208 96 
194 218 17 186 214 99 116 218 96 192 221 90 194 206 17 200 207 86 116 174 
82 193 201 90 200 135 84 188 200 93 192 204 95 187 204 31 116 183 93 185 
200 100 185 135 100 185 213 85 116 224 96 201 217 17 199 214 93 201 219 90 
195 213 17 181 213 85 116 170 71 116 219 96 116 208 84 181 213 84 195 203 
86 148 206 82 193 201 90 200 217 86 199 204 82 198 202 89 130 202 96 193 
135 98 201 214 101 189 213 88 116 217 86 186 204 99 185 213 84 185 161 17 
182 205 36 181 157 33 133 156 82 133 149 


